200
8 142 156
9 10 20
2 149 152
12 351 363
20 505 528
2 74 78
4 481 487
15 213 233
16 491 522
11 170 181
6 321 327
1 361 363
21 229 259
20 262 295
5 138 144
16 476 504
22 503 525
4 294 298
19 273 296
4 100 104
4 235 243
15 58 74
8 342 358
18 280 301
21 509 550
12 339 353
14 111 129
11 453 466
19 48 82
2 498 502
13 56 73
11 246 257
4 502 510
17 182 212
13 189 202
6 14 25
15 6 33
8 476 490
1 187 189
7 321 328
3 246 252
8 422 432
14 61 77
19 448 484
19 64 89
3 506 511
1 459 461
17 339 358
20 139 160
11 313 324
10 441 451
1 187 189
18 92 117
7 13 23
10 509 522
12 116 129
21 398 430
9 279 295
10 411 430
5 404 414
18 317 343
14 84 102
22 179 211
15 400 415
1 477 478
18 212 240
13 14 28
17 68 90
17 135 162
2 274 277
10 364 380
19 206 232
2 382 385
9 282 299
2 428 432
16 304 329
13 161 184
18 324 343
16 204 235
15 62 89
1 290 292
11 181 196
9 4 20
7 242 250
11 238 259
14 94 113
9 281 299
22 435 474
4 258 264
12 173 186
8 170 179
22 361 395
22 38 61
16 418 438
7 215 225
10 181 197
5 235 241
11 53 73
4 319 327
8 208 223
7 274 282
22 354 382
5 169 174
1 359 361
20 19 53
8 275 286
7 311 321
16 367 398
17 504 524
19 409 432
8 163 175
9 346 358
17 208 230
12 447 460
9 372 389
13 246 270
8 261 274
12 501 525
8 322 331
5 334 339
13 79 92
14 176 202
2 226 229
12 123 139
3 413 419
9 70 84
10 329 342
20 23 62
5 363 369
12 505 521
22 294 333
4 365 372
19 182 206
5 228 236
10 292 307
9 132 147
8 414 430
2 51 54
5 68 73
17 407 438
16 493 523
2 293 296
15 420 449
10 501 519
17 3 36
20 28 65
3 110 114
8 3 15
14 200 226
4 222 226
19 455 486
13 505 523
2 115 118
1 383 384
21 37 63
21 499 530
16 153 172
1 360 361
1 186 188
9 107 124
18 497 518
11 282 298
19 229 253
21 431 452
15 352 369
2 201 203
11 72 88
7 38 51
15 204 231
21 127 167
12 219 234
16 328 357
1 73 74
22 41 82
4 25 30
4 88 95
4 387 392
19 191 221
1 319 320
17 61 83
6 365 376
7 107 120
4 256 263
21 373 408
8 124 139
12 298 319
9 191 206
4 128 136
8 154 162
14 34 53
12 441 465
2 82 86
12 304 317
21 114 148
7 297 309
22 264 295
4 459 467
17 262 295
5 402 408
20 45 80
