150
5 118 127
4 241 246
22 205 233
13 382 398
9 400 411
18 295 314
22 281 318
3 198 204
6 266 278
4 184 192
9 134 152
6 234 245
16 97 127
19 288 312
18 403 432
13 25 47
13 314 327
3 270 276
19 214 249
1 278 280
14 189 212
4 49 56
1 92 93
5 49 55
7 409 420
21 71 111
13 205 223
7 378 392
5 11 18
6 25 32
11 194 205
11 277 291
5 345 352
12 206 228
17 296 329
2 9 11
18 110 146
7 42 55
14 277 292
17 372 390
16 12 32
22 328 351
16 352 372
21 103 133
3 27 31
2 207 211
9 382 400
18 1 36
8 301 313
1 217 219
13 77 97
19 5 27
17 395 415
15 76 106
14 16 38
7 142 152
22 123 154
10 95 111
1 22 24
12 361 383
9 151 161
7 208 219
21 41 62
1 193 194
18 242 274
14 121 141
21 127 154
17 313 331
14 186 202
19 133 161
5 284 291
11 226 243
17 162 192
1 186 188
19 108 139
3 18 23
15 147 167
14 364 381
9 194 212
10 127 137
7 180 187
13 286 311
21 123 160
16 390 410
16 362 386
14 177 192
17 83 115
13 118 132
9 59 74
19 110 148
18 98 129
12 101 121
8 34 48
1 292 294
13 153 168
17 322 346
17 28 59
6 368 374
9 118 130
2 371 373
1 202 204
8 203 213
19 73 105
18 360 387
16 57 82
10 397 409
11 17 29
15 233 255
20 179 200
3 40 46
2 191 195
13 383 407
18 98 125
9 173 187
9 245 259
2 58 62
18 362 383
14 46 66
20 230 267
19 182 211
13 396 416
21 20 60
1 204 206
1 200 201
13 3 25
8 302 312
21 330 351
7 104 118
18 173 191
19 235 254
11 287 300
11 351 369
2 59 62
18 250 272
2 351 353
7 365 378
20 25 46
3 130 133
6 19 31
12 257 281
21 329 352
17 223 246
10 89 101
8 90 105
21 128 165
19 248 273
8 375 385
11 324 339
18 378 403
18 394 413
