450
3 948 951
2 121 123
7 711 721
13 449 467
14 793 807
13 652 675
15 382 408
6 811 820
16 373 393
20 193 216
19 385 415
14 1176 1201
10 370 381
13 407 429
15 76 100
20 567 598
2 1106 1109
21 466 487
1 23 25
15 968 998
4 738 746
1 309 311
17 378 397
16 257 276
16 787 807
18 128 153
6 24 31
21 702 736
7 593 605
22 184 216
22 198 237
5 721 731
19 340 366
3 466 471
15 323 348
7 86 96
15 1082 1104
22 661 705
19 226 262
22 574 601
7 812 825
20 819 842
18 1071 1095
22 298 326
16 358 387
4 1101 1105
19 368 394
19 22 51
16 57 84
20 958 986
11 514 532
11 1141 1158
4 728 732
19 144 169
6 840 846
2 541 543
14 1107 1133
7 963 970
5 883 891
20 919 950
17 231 253
11 895 911
21 142 170
15 986 1015
9 166 178
13 494 520
10 652 664
12 1119 1142
19 350 372
17 469 496
2 867 870
10 268 283
7 372 384
16 538 557
5 35 43
3 862 868
4 320 326
2 714 717
21 569 603
5 675 684
1 1121 1122
20 1171 1202
18 774 795
14 83 106
21 182 206
21 891 917
3 69 72
12 955 971
19 33 61
10 228 240
5 1095 1102
17 492 521
7 674 684
14 1098 1116
19 879 915
9 421 430
2 11 14
1 859 861
22 671 712
15 584 610
2 994 998
17 912 936
1 1088 1090
2 660 663
14 267 290
21 1089 1124
10 355 369
18 260 294
20 1165 1190
2 222 226
5 466 475
12 950 966
5 172 179
19 21 49
17 1128 1152
20 1127 1148
4 164 168
17 467 488
17 1002 1020
18 1081 1117
8 1063 1079
15 915 940
18 393 427
22 893 923
3 552 555
7 497 505
21 268 304
19 930 960
17 982 1014
3 59 62
12 999 1020
15 591 614
4 1082 1090
14 26 53
18 989 1018
18 186 204
15 1101 1116
2 661 664
8 598 607
13 875 900
14 1159 1186
6 1160 1168
19 513 536
22 977 1000
7 862 872
17 292 324
13 1007 1025
18 405 439
19 967 994
11 812 827
1 926 928
17 629 651
13 598 618
3 1147 1152
9 346 363
21 498 533
8 793 802
17 942 960
5 1126 1136
4 874 881
2 531 535
3 545 549
9 897 914
16 575 591
15 481 510
18 382 418
10 284 295
4 43 50
13 168 188
3 1068 1074
20 59 95
16 1029 1054
1 1053 1054
7 596 604
10 405 419
1 718 720
3 211 214
2 924 928
9 511 520
21 185 207
4 263 270
3 58 61
19 819 839
22 1049 1092
6 811 817
1 407 408
14 372 400
6 430 436
22 245 276
11 526 548
7 806 818
7 509 520
15 15 33
15 894 910
17 372 391
10 941 954
5 599 606
14 12 30
18 233 262
10 303 314
8 562 570
9 714 729
7 1112 1126
11 422 435
3 693 698
18 537 555
1 825 827
3 439 444
12 564 580
3 278 281
1 261 263
4 35 41
6 273 284
12 0 24
10 721 741
13 393 416
3 945 948
7 845 858
16 1141 1166
16 381 404
2 314 318
3 1157 1161
19 1035 1062
7 526 539
11 372 386
6 229 241
1 10 12
18 703 724
13 333 356
1 123 124
11 1085 1096
5 645 655
10 559 577
2 954 956
9 396 413
8 175 188
3 237 242
17 447 473
6 306 313
6 455 466
1 840 842
7 795 809
14 452 471
5 506 512
21 272 293
8 256 268
1 992 994
6 709 720
22 148 170
6 515 525
4 167 172
11 312 327
7 748 759
5 1009 1019
13 414 438
14 454 476
7 904 913
20 872 898
5 926 936
3 292 297
4 651 659
7 1119 1131
21 948 979
18 451 471
15 581 601
11 355 376
8 964 973
14 1075 1091
15 168 198
3 888 891
2 237 240
4 684 689
3 1068 1074
6 1105 1114
18 7 35
21 818 841
10 891 905
16 975 998
15 956 983
15 855 874
13 929 952
20 748 783
12 466 486
15 1142 1167
21 835 862
11 722 736
15 425 447
8 739 755
19 613 632
9 645 662
2 1071 1075
11 386 401
16 283 303
5 159 169
11 691 702
15 1151 1167
2 592 595
12 1092 1112
11 980 992
6 292 303
4 943 947
17 249 276
2 342 345
20 65 88
12 191 207
19 475 503
15 596 616
16 1161 1184
17 253 279
11 592 613
4 403 408
15 823 849
1 904 905
20 623 647
15 35 51
17 173 204
14 892 919
18 531 561
18 1056 1082
2 461 463
16 131 163
5 342 352
14 355 370
1 913 915
21 430 461
22 919 957
2 181 183
1 894 895
5 168 178
8 137 145
18 796 814
14 877 901
2 70 72
4 873 879
6 354 365
15 758 782
15 120 137
16 367 387
6 606 616
21 1105 1129
13 650 671
4 196 200
3 628 632
19 413 444
19 151 175
7 618 631
11 225 243
10 106 123
10 809 829
21 849 871
4 875 879
9 388 406
4 835 842
8 515 529
17 995 1021
21 317 346
21 100 128
10 686 698
12 474 497
14 206 227
15 197 215
19 8 40
12 225 243
19 99 137
8 567 581
1 758 759
21 544 566
21 215 247
5 1016 1022
3 781 786
6 603 612
11 700 718
12 876 890
22 606 634
7 489 501
16 85 105
3 213 219
17 64 98
16 414 443
1 682 683
4 567 575
12 1053 1074
8 598 613
12 467 490
11 180 198
4 145 149
22 551 576
10 1088 1101
18 903 928
7 368 377
3 1123 1127
4 1051 1059
19 437 469
8 771 782
18 739 765
17 18 45
3 592 595
2 860 864
15 98 126
13 225 238
13 720 746
14 403 428
20 308 339
14 706 723
22 579 602
19 614 646
16 1027 1058
1 511 512
21 440 469
21 780 811
19 879 914
1 1166 1168
16 347 373
3 87 91
14 776 793
18 282 307
21 434 470
6 424 434
16 1056 1076
16 507 532
13 103 122
8 997 1010
10 1139 1149
18 456 485
3 930 936
12 1025 1046
11 308 330
14 41 57
4 111 116
6 631 641
16 731 747
2 230 232
17 1036 1065
9 1028 1041
17 8 38
6 244 251
22 714 741
1 299 301
5 972 981
9 1173 1191
16 899 921
21 787 813
20 913 953
6 952 960
19 1020 1049
3 870 875
5 685 694
1 1086 1087
4 934 942
11 792 811
