250
22 545 582
9 65 80
17 132 154
7 194 204
21 176 205
1 338 340
17 81 113
19 5 25
18 258 281
6 603 611
7 174 182
9 304 313
2 38 41
8 160 176
8 520 530
21 119 146
13 242 256
22 615 638
13 212 226
13 319 333
11 54 72
8 136 146
10 201 212
3 608 611
3 342 346
10 387 399
9 201 210
7 300 313
18 555 574
14 414 436
18 220 244
9 43 60
21 158 180
12 200 224
14 261 278
21 491 526
15 264 286
7 403 414
14 454 473
3 241 247
19 485 519
13 527 541
11 689 706
17 257 277
22 202 225
17 24 51
2 187 189
13 290 310
15 361 378
6 230 241
18 311 330
9 295 311
2 0 3
1 355 356
20 422 444
19 586 620
16 320 347
16 7 32
19 82 117
13 193 219
19 67 101
8 81 93
10 245 256
10 281 298
15 117 134
20 298 334
21 285 320
14 355 372
6 580 591
11 435 448
4 365 373
16 205 228
22 57 85
18 46 64
5 55 63
18 427 462
18 471 507
16 325 349
14 544 571
13 469 492
15 506 531
21 359 381
15 659 689
20 187 217
5 57 67
8 662 678
14 637 659
20 171 199
21 150 178
8 400 415
20 592 629
17 363 387
2 201 205
3 351 355
8 406 416
21 312 339
13 281 298
3 515 518
16 271 291
1 463 464
4 243 251
9 62 80
8 547 562
1 687 689
18 507 543
19 179 199
16 582 611
15 179 201
16 292 314
22 134 176
17 472 490
12 431 451
18 349 381
19 310 335
13 136 156
2 356 358
10 630 649
7 62 75
13 100 113
7 19 29
7 658 672
1 43 44
17 640 671
13 256 278
3 365 369
12 499 522
14 290 305
2 658 662
22 654 685
7 507 517
8 350 361
20 99 129
22 528 570
21 658 679
20 260 285
5 609 618
1 360 361
13 88 106
15 228 247
19 378 398
15 24 54
1 70 72
7 361 373
21 480 509
12 689 702
4 20 24
3 71 74
7 330 340
3 72 77
7 546 554
2 71 74
7 629 643
12 115 127
7 599 613
15 393 412
4 81 88
15 209 234
13 553 577
4 122 129
21 567 591
15 537 563
4 45 53
18 461 484
9 115 126
8 450 465
11 480 497
22 331 363
4 574 581
5 648 658
2 557 560
5 538 547
19 660 680
7 608 619
8 652 662
16 660 679
21 168 208
15 612 629
1 389 391
1 606 607
4 650 655
6 507 516
8 152 161
16 41 65
22 124 154
11 641 657
13 275 293
6 483 490
6 499 506
16 354 379
17 553 579
9 551 567
16 500 521
17 624 646
19 607 638
22 479 504
22 282 309
17 404 422
11 436 455
15 580 605
18 352 379
10 500 519
9 321 335
22 427 468
19 132 156
19 654 688
17 544 563
1 682 683
10 477 496
13 120 141
21 480 511
2 265 268
11 491 508
2 368 371
21 465 492
6 233 240
7 162 170
6 449 458
11 648 664
15 636 662
19 191 226
5 504 513
4 617 625
6 567 578
19 685 713
6 314 322
16 421 439
18 442 465
7 427 439
20 102 141
3 214 217
4 64 69
18 368 400
9 689 704
15 119 149
16 419 447
7 426 440
22 601 624
3 566 572
20 136 161
1 642 643
4 388 392
4 325 332
5 97 103
22 468 493
20 493 524
17 689 723
15 215 244
5 645 655
22 618 661
8 136 152
