100
4 80 86
10 100 118
16 63 81
12 64 80
22 9 42
7 21 32
17 101 122
18 118 137
7 150 163
4 130 136
21 53 84
6 223 232
4 159 164
3 150 153
14 152 178
9 42 54
4 230 238
19 59 79
15 153 173
8 71 79
19 131 161
11 120 140
5 24 32
6 217 226
5 168 173
5 41 49
9 128 145
2 235 239
9 12 25
15 165 181
17 161 190
2 41 45
9 66 84
4 38 46
10 240 251
3 166 170
16 209 225
21 7 38
19 184 212
4 152 160
15 166 181
10 138 156
1 30 32
14 221 242
6 55 62
9 178 190
14 242 259
1 81 83
22 220 260
1 224 225
14 146 164
1 36 38
14 38 54
18 174 208
13 175 198
8 35 46
1 202 203
19 101 134
10 16 29
11 177 192
19 19 41
6 68 76
22 193 236
20 145 175
5 81 88
18 209 238
2 138 140
1 7 9
7 222 233
2 71 73
1 149 151
22 22 62
17 77 111
18 75 107
3 47 50
3 114 120
7 94 107
10 80 90
1 223 224
11 149 160
20 136 166
16 125 142
9 1 10
21 5 38
18 76 110
4 40 46
12 109 121
6 149 158
21 163 195
15 21 50
17 25 57
4 239 244
21 171 206
21 131 155
12 226 250
3 49 53
2 27 29
3 195 198
16 38 55
10 141 159
