500
19 867 893
7 189 201
22 464 496
4 100 105
4 1027 1032
4 1206 1214
19 252 281
4 619 624
17 1096 1116
16 1270 1286
8 1252 1262
13 295 319
15 954 972
16 274 298
5 1002 1009
22 256 293
11 1131 1151
11 746 760
20 484 519
19 30 49
1 603 605
14 1119 1133
21 915 951
7 158 168
21 406 437
14 651 668
17 473 491
22 35 71
14 539 561
4 831 838
12 68 85
9 825 838
22 643 685
2 792 796
11 30 47
17 981 1014
15 326 341
17 129 156
8 117 130
16 601 633
18 100 131
13 558 584
1 905 906
20 12 46
4 671 676
20 689 727
14 317 333
12 1209 1230
3 1327 1332
16 1234 1263
12 436 460
18 1252 1275
1 478 479
20 1268 1294
4 1047 1054
2 1027 1031
8 204 215
19 843 879
16 118 137
16 1364 1395
10 935 955
12 383 395
21 1332 1356
20 879 911
11 1281 1293
13 1238 1253
22 791 824
19 228 251
16 1339 1361
7 639 648
19 43 69
18 520 542
20 111 132
14 802 830
21 1096 1133
12 1221 1237
11 1270 1284
22 70 103
20 1030 1063
2 362 364
4 274 280
14 460 480
17 1083 1112
20 1203 1235
6 618 625
3 132 135
20 1004 1033
18 1319 1352
14 766 792
17 223 240
6 947 955
2 580 583
14 298 312
15 156 177
18 736 755
20 1169 1209
13 335 356
11 316 327
8 985 995
17 589 607
14 451 473
22 778 806
14 958 983
11 148 165
13 32 51
7 890 902
19 454 489
2 138 141
6 104 111
20 332 369
10 98 109
15 465 495
6 453 462
1 432 433
11 835 853
2 358 360
3 329 335
1 1319 1320
1 1142 1143
18 1296 1323
21 238 277
5 583 593
13 745 765
20 356 386
13 802 828
2 597 601
15 136 151
15 309 325
16 1112 1139
7 731 740
3 151 154
5 511 516
20 50 76
19 1226 1260
12 1229 1253
13 1060 1079
22 142 185
9 240 250
1 857 858
14 934 948
2 895 897
11 746 764
16 1143 1169
10 515 526
3 66 69
10 952 970
2 370 372
13 1156 1181
21 756 779
12 348 362
2 1122 1125
19 731 762
16 130 152
13 1367 1390
19 328 349
3 1344 1347
15 795 817
15 587 604
10 321 338
22 1115 1152
1 1289 1291
20 1138 1176
22 691 716
5 1126 1134
5 644 650
21 605 641
20 631 664
22 13 57
11 1200 1212
15 231 251
4 158 164
21 1090 1112
16 495 516
20 1252 1286
17 730 752
13 880 904
2 946 948
17 680 708
5 285 294
1 911 912
8 1191 1206
20 1005 1032
22 3 25
6 74 81
10 75 92
6 784 794
6 963 971
10 605 620
11 791 812
5 1134 1142
16 892 922
9 495 504
12 1002 1019
19 403 441
10 1299 1317
10 264 280
1 1360 1361
22 294 330
2 1224 1227
4 306 312
16 718 746
6 434 441
10 488 498
16 718 734
17 1162 1196
6 840 851
17 613 641
8 1149 1158
18 554 583
5 788 794
12 448 465
8 438 446
2 877 880
7 941 952
1 550 552
7 987 998
7 314 321
2 351 355
12 1166 1189
12 425 444
14 681 708
2 623 625
8 731 741
2 502 505
5 1137 1145
19 1002 1022
8 829 842
15 708 738
20 1300 1323
2 898 902
11 1202 1220
4 203 207
9 722 732
7 933 942
19 183 221
5 1056 1064
8 744 755
15 743 764
8 804 814
9 658 670
19 118 143
7 724 733
22 946 974
13 902 919
16 85 106
18 1282 1302
16 956 975
16 954 970
13 1357 1381
8 1176 1188
2 459 462
8 1301 1317
12 961 979
22 1083 1111
20 935 959
7 1251 1265
22 608 634
5 976 982
10 470 484
21 537 558
7 833 846
18 249 282
18 1007 1026
11 149 162
5 335 340
19 1359 1392
19 203 229
3 948 954
12 786 801
5 539 544
5 674 684
16 798 815
1 937 938
8 950 960
20 712 752
6 1145 1155
7 379 392
16 434 456
12 1335 1351
20 1000 1031
11 848 866
16 1196 1212
16 552 583
19 816 847
14 719 734
8 1347 1356
4 39 47
15 71 101
8 103 114
7 597 610
5 651 660
21 1241 1273
21 793 824
16 743 764
22 496 530
8 91 100
3 1304 1308
20 1025 1062
7 365 376
9 614 628
9 411 420
3 1289 1295
16 1243 1271
5 293 298
3 973 979
14 800 827
16 98 122
17 808 839
11 1084 1103
10 39 49
20 731 761
8 1248 1257
21 1001 1035
7 1005 1016
15 482 502
10 903 921
14 632 653
4 571 577
2 946 950
16 641 669
18 409 432
1 1232 1233
5 241 248
5 354 359
22 536 573
19 360 381
13 991 1016
18 936 954
12 30 43
17 873 903
13 309 331
2 95 97
20 1356 1381
3 199 204
8 678 694
14 1142 1170
12 815 837
12 462 478
17 377 403
11 1268 1290
10 118 135
17 956 973
8 798 812
5 175 184
16 1210 1241
6 973 985
2 97 101
2 540 543
1 19 21
14 756 774
7 479 489
19 516 540
6 135 147
3 96 102
11 1202 1219
4 448 456
4 1242 1250
4 814 821
11 1186 1200
13 1302 1319
20 1361 1389
15 26 51
13 352 378
19 1142 1176
2 603 607
5 803 813
4 905 913
21 1205 1239
1 750 751
9 768 785
10 309 321
10 669 685
18 848 877
7 757 767
4 157 162
17 144 172
5 1254 1262
12 1139 1155
1 112 113
9 186 200
3 190 193
11 631 645
12 584 598
14 1304 1326
8 251 266
10 375 392
18 1177 1204
3 59 63
21 537 559
21 1025 1062
18 798 828
16 1328 1344
4 409 416
5 1070 1078
4 1210 1215
21 956 982
12 16 36
17 182 206
11 1007 1024
9 846 856
5 236 245
6 200 210
19 1359 1396
6 1365 1372
16 682 705
8 332 342
12 1199 1216
11 1367 1379
10 424 438
21 1275 1307
4 774 780
12 1184 1198
15 589 612
2 1218 1221
11 739 750
8 314 324
4 1174 1178
12 668 685
3 158 164
7 375 388
17 1098 1115
13 903 929
9 1275 1291
20 1022 1059
20 126 165
20 5 36
14 700 714
21 1061 1093
21 9 51
6 970 977
7 1178 1190
10 330 350
16 39 63
4 649 656
16 619 643
15 1123 1140
5 211 221
18 1330 1351
6 1206 1216
22 341 382
20 870 894
21 828 861
13 476 501
5 1149 1156
13 1211 1232
20 1363 1403
12 1339 1356
1 757 758
20 621 642
20 610 631
5 1066 1076
4 1203 1209
6 263 273
11 351 371
21 319 346
21 479 521
16 812 832
15 73 97
5 99 105
10 556 575
22 56 88
1 479 480
9 991 1007
22 793 836
1 1346 1347
3 931 936
22 1150 1191
15 229 259
21 520 552
4 1026 1033
14 1310 1326
20 720 753
7 1310 1320
4 457 462
6 223 233
21 653 695
15 560 577
22 501 523
18 187 215
19 481 507
5 290 298
9 584 599
12 778 792
22 384 421
2 1285 1287
22 1248 1270
11 434 452
19 1353 1377
10 959 978
12 211 226
19 910 929
20 1085 1114
13 614 636
7 198 211
16 337 360
7 998 1005
2 700 703
13 1238 1257
20 898 930
13 810 828
