350
5 500 507
9 652 670
6 132 140
5 638 646
7 12 21
3 31 34
9 213 227
22 184 216
22 399 442
17 278 295
20 885 911
11 18 34
13 48 62
12 747 766
7 751 761
7 281 294
2 10 14
19 307 344
14 772 794
4 800 804
14 713 728
9 290 304
1 425 427
13 566 580
2 790 794
17 810 841
8 773 783
20 57 93
7 308 321
15 562 580
16 766 785
18 605 640
12 737 753
14 915 929
12 346 369
9 295 307
16 99 117
16 494 524
16 217 245
10 147 158
15 920 944
19 174 205
7 168 175
19 343 377
7 519 527
7 292 301
14 425 442
12 555 567
4 417 424
18 896 930
17 654 680
13 773 790
2 582 585
22 177 203
17 595 624
14 29 52
19 890 916
6 713 720
13 295 311
11 465 478
16 112 129
17 549 568
12 388 404
21 456 482
14 920 941
10 870 885
5 538 547
5 499 504
8 179 194
10 630 647
4 107 114
11 677 691
3 669 674
10 809 825
17 896 927
11 92 114
19 183 216
1 48 50
10 798 812
9 766 778
10 681 700
9 347 363
12 880 896
18 832 858
20 540 577
16 517 546
16 298 327
6 805 815
5 78 83
8 104 118
13 794 818
4 62 67
2 642 644
15 158 187
9 353 362
21 890 929
19 368 397
22 382 419
19 495 524
10 627 647
16 813 840
18 16 46
17 440 458
18 366 400
20 164 204
2 368 372
14 389 413
10 231 241
14 872 896
15 399 418
18 286 311
8 253 266
21 822 852
20 767 799
15 75 96
8 240 253
14 156 174
9 524 541
16 429 457
12 51 73
3 438 444
12 175 199
19 237 261
4 752 757
2 896 899
21 600 632
4 448 456
18 236 269
15 489 517
14 606 624
16 824 856
3 853 859
3 51 56
19 250 270
1 285 287
12 807 825
14 67 91
8 284 292
19 714 749
12 664 683
4 20 27
4 239 247
21 29 58
17 438 458
3 314 320
12 748 768
22 317 347
3 625 628
2 701 704
22 74 110
4 610 616
11 795 812
18 138 168
2 81 84
16 78 102
4 683 688
14 845 867
9 683 692
7 887 894
7 288 300
12 480 499
3 731 734
8 451 459
3 523 527
3 282 288
12 470 493
13 340 358
12 88 105
14 564 585
12 471 495
4 269 275
2 208 211
19 261 281
12 310 334
19 267 289
15 344 371
6 868 880
5 102 109
22 420 463
16 55 72
5 151 159
9 874 892
18 123 150
2 229 232
20 374 412
3 310 313
9 621 639
19 153 172
15 91 116
4 232 236
1 353 354
10 471 489
18 496 528
20 644 666
10 60 75
11 135 155
4 830 837
4 204 211
19 368 397
4 436 440
1 391 393
21 694 728
3 697 702
11 202 219
15 415 437
17 472 497
13 790 814
16 558 582
13 433 457
3 280 284
17 159 182
21 826 864
10 259 274
17 759 793
2 31 35
13 563 588
6 665 672
12 656 671
5 223 232
12 471 486
2 309 313
8 295 310
18 159 179
11 367 387
1 234 235
2 468 471
14 895 918
22 854 877
21 387 427
5 107 114
1 790 791
19 193 216
8 754 767
18 160 189
20 427 467
10 173 184
7 80 89
15 539 567
5 40 47
7 396 408
3 330 333
16 665 692
16 153 177
5 826 831
8 291 304
2 407 410
1 58 59
20 488 509
4 590 596
12 763 785
17 179 212
17 436 454
7 452 462
2 891 893
17 162 194
18 586 618
7 444 455
20 212 245
20 246 283
9 749 766
17 87 120
22 60 94
7 841 848
20 423 448
7 365 378
15 355 371
21 759 801
10 380 398
5 904 909
1 663 664
1 241 243
20 342 375
22 815 852
11 753 773
11 721 734
16 864 886
12 404 422
18 727 762
2 652 656
22 918 950
11 436 451
22 304 345
6 210 218
3 128 132
16 771 801
17 380 409
16 419 436
15 179 196
12 616 632
22 247 271
10 78 98
4 742 750
8 298 311
4 223 228
17 366 400
14 573 598
1 288 289
21 585 607
2 621 624
3 815 818
3 98 101
14 422 436
7 459 473
12 433 450
11 535 548
2 290 293
4 266 272
9 674 691
7 75 83
21 853 895
1 600 602
15 617 644
14 157 182
17 867 892
5 156 165
2 870 872
19 662 681
9 478 488
7 328 337
4 501 509
13 550 566
21 867 903
22 34 66
13 620 635
19 584 617
13 299 324
7 214 222
22 755 785
3 673 679
3 8 14
19 775 811
14 11 38
14 234 261
3 108 113
21 442 480
17 726 757
12 696 719
10 115 126
5 631 636
2 655 659
14 868 885
8 861 875
1 101 103
14 427 444
2 69 72
15 321 344
6 280 290
21 106 137
5 259 268
15 553 583
