400
15 1007 1022
1 604 605
15 439 456
4 387 394
22 636 680
12 209 222
14 719 735
10 449 466
13 189 214
9 801 817
9 873 888
18 182 201
22 215 258
3 276 281
1 953 954
10 911 921
8 664 676
2 216 218
12 487 500
10 216 229
7 157 167
5 132 141
19 129 149
4 834 840
17 491 511
20 617 646
10 931 945
17 2 31
13 483 502
20 506 537
10 775 794
8 415 424
21 423 463
1 137 139
14 262 281
18 501 533
9 688 700
4 912 918
4 230 234
21 327 352
11 77 93
18 900 933
20 971 991
7 288 300
4 778 782
6 853 863
4 741 745
3 131 136
6 743 754
6 7 13
6 544 555
5 876 882
12 783 805
17 628 655
21 775 805
20 796 829
7 929 939
3 40 46
11 828 841
14 629 649
1 763 764
4 327 332
13 250 267
2 564 567
22 552 595
15 245 271
8 864 873
21 784 809
10 436 446
20 797 831
7 982 992
21 827 852
3 678 683
10 529 540
4 661 669
11 431 451
1 886 887
5 291 296
20 49 76
20 233 254
20 950 984
3 781 784
21 239 262
4 908 915
10 609 626
5 918 923
13 592 611
5 544 552
5 242 249
19 877 914
14 217 240
15 85 110
5 525 530
7 754 766
20 835 864
18 503 535
15 779 799
6 781 787
2 999 1002
8 495 508
3 621 624
21 502 535
1 419 421
7 639 647
8 407 422
17 862 888
5 44 51
3 97 103
13 127 147
15 595 614
1 368 370
13 232 251
18 232 250
13 462 486
8 290 303
9 382 397
20 265 292
21 542 582
2 429 432
15 418 444
13 485 503
20 96 120
19 1 37
19 209 235
16 31 62
13 770 794
12 362 375
20 498 538
13 151 177
14 993 1016
18 536 569
10 581 597
7 117 124
16 55 84
3 99 103
22 33 60
8 550 564
14 232 259
13 398 417
7 624 635
8 834 844
2 654 657
8 309 322
5 790 796
8 185 195
19 349 370
20 153 192
6 711 718
6 647 653
10 781 793
5 947 957
6 213 225
9 643 661
10 308 321
12 315 335
1 731 733
3 74 78
10 374 385
16 0 29
16 129 146
17 919 950
14 447 473
21 998 1038
18 698 727
7 745 756
7 62 74
8 230 245
22 374 415
5 425 433
20 1002 1031
15 488 509
19 839 866
2 912 916
1 119 121
18 676 696
10 185 199
17 845 870
16 615 634
19 933 962
19 638 659
3 917 922
6 146 158
4 35 43
14 450 467
9 436 445
12 511 526
9 926 937
14 253 281
12 972 986
11 146 157
14 164 188
17 247 278
11 930 948
18 256 276
15 597 615
15 513 540
10 135 145
1 261 262
18 528 558
20 583 623
20 31 66
8 17 28
19 658 690
14 258 275
12 161 176
1 75 76
22 332 374
15 40 61
20 937 965
13 163 180
14 282 300
5 299 306
14 821 836
16 300 318
3 1014 1019
3 750 756
10 610 621
11 294 310
3 762 768
5 816 823
21 209 234
1 438 440
12 443 456
11 427 440
3 990 995
17 875 893
20 903 929
4 561 567
13 922 939
18 468 500
2 199 202
17 545 564
11 182 193
5 125 133
2 518 520
6 1000 1011
16 881 899
13 702 723
21 880 907
10 451 467
2 513 517
5 8 13
7 820 833
3 951 954
2 113 117
4 313 321
21 713 743
19 87 108
6 812 818
19 350 386
20 275 303
2 540 542
10 339 350
8 782 790
2 370 374
4 816 820
19 167 204
2 394 397
4 294 301
3 263 269
13 664 680
13 691 709
2 730 733
2 646 648
10 84 100
17 563 582
22 179 203
4 302 307
5 412 418
20 437 457
6 210 218
19 889 920
18 590 621
13 273 295
5 323 332
9 176 194
5 918 923
14 991 1010
13 672 698
18 268 287
4 655 661
15 455 474
7 941 950
22 87 130
3 192 195
17 407 438
11 628 647
4 920 927
1 716 718
4 739 746
5 290 295
9 145 161
11 512 534
11 296 316
19 202 223
1 683 685
16 737 756
13 984 1004
18 36 71
16 687 717
9 562 572
17 221 239
3 513 516
18 99 126
3 664 670
19 110 141
21 291 326
3 953 958
20 296 326
11 164 179
7 27 41
20 774 811
12 876 900
20 208 232
15 237 267
12 567 582
6 705 717
5 912 921
12 67 86
20 525 551
3 994 999
8 796 808
3 804 810
9 294 308
2 9 12
18 979 1011
10 379 396
7 764 778
22 22 59
22 982 1010
2 897 900
16 842 861
21 861 892
15 163 191
11 489 510
17 782 810
9 107 124
8 488 504
1 133 135
12 804 817
10 926 944
1 450 451
22 884 908
10 321 331
10 618 634
6 209 220
10 31 50
20 733 766
21 405 429
16 69 100
9 301 315
9 198 210
8 524 533
19 415 450
15 628 657
6 143 153
4 579 583
17 172 206
5 140 148
1 271 273
2 985 987
22 738 760
21 340 374
16 34 66
1 271 273
17 653 674
6 2 11
11 786 808
11 172 184
5 44 54
11 255 270
13 500 522
1 174 176
10 628 645
11 372 385
16 332 358
19 782 813
21 514 556
16 1005 1028
3 623 627
17 628 647
9 234 251
9 357 375
10 15 28
11 358 379
12 161 184
15 363 383
13 598 615
1 128 129
20 1010 1044
18 215 240
3 600 605
5 259 265
7 958 967
8 869 877
12 939 952
17 34 52
4 31 38
2 399 403
12 713 726
