300
1 38 40
22 436 469
5 737 746
5 60 69
16 657 682
1 358 359
13 219 242
5 342 348
10 84 94
8 180 191
21 450 487
7 292 305
21 341 374
7 545 555
1 816 817
3 319 324
6 378 384
7 185 195
20 666 702
19 735 758
7 114 123
7 755 768
10 479 493
20 136 175
18 318 336
18 299 330
9 741 755
14 731 750
3 332 337
14 56 84
4 69 76
21 651 679
11 565 586
11 373 386
14 6 26
13 217 238
1 262 263
7 257 268
14 366 394
17 155 183
7 612 619
17 348 365
21 753 785
10 359 378
16 255 284
5 391 401
22 5 38
1 764 765
11 469 491
21 335 369
17 274 307
4 2 10
11 204 223
14 25 52
3 497 502
7 178 187
12 336 352
2 136 140
8 48 57
7 247 255
12 624 639
22 520 553
2 91 95
4 486 490
16 333 364
4 122 130
13 390 404
3 549 553
11 782 799
12 255 269
18 228 251
14 537 559
9 710 722
15 692 721
22 688 714
1 552 554
21 112 141
18 415 445
3 678 681
20 144 172
22 662 697
17 327 350
14 812 838
20 440 479
20 654 693
7 71 78
17 719 752
21 687 713
9 612 623
14 632 655
21 429 469
15 35 58
18 772 793
7 773 786
8 657 666
6 457 467
8 769 782
18 123 146
21 233 274
14 434 452
13 122 142
13 226 248
22 816 854
10 317 332
5 92 101
17 89 108
6 462 470
16 506 527
14 815 837
8 232 243
17 632 657
14 309 328
21 116 137
20 337 360
16 138 167
2 228 231
22 464 491
20 692 713
18 231 249
9 464 479
17 361 392
4 620 626
4 632 638
20 735 768
2 582 584
4 42 46
2 385 387
13 533 559
22 808 843
15 538 559
6 39 47
11 628 649
11 58 75
19 1 33
7 103 113
18 310 339
1 371 373
22 18 61
2 734 737
17 348 380
12 743 759
14 563 578
1 152 153
10 813 831
2 262 265
10 508 526
20 549 569
2 349 352
15 562 592
13 701 722
5 162 171
19 429 449
5 546 554
13 702 727
8 392 408
14 589 610
16 422 449
9 797 813
2 362 366
8 475 487
19 303 334
22 626 652
15 514 536
18 807 829
14 766 792
19 401 438
1 298 299
22 215 247
9 679 696
4 809 813
8 748 764
18 301 326
22 345 386
2 414 417
4 167 171
14 85 111
14 634 659
3 378 384
6 319 328
4 700 707
6 350 356
17 134 161
3 64 69
1 448 449
12 427 450
14 423 447
2 272 274
14 345 361
1 290 292
8 158 169
17 445 469
19 728 762
19 479 516
17 510 543
13 49 68
5 770 776
10 433 446
18 797 822
7 687 698
6 270 278
17 97 117
18 473 491
4 98 106
17 640 666
12 89 105
11 717 734
19 675 696
7 566 579
20 250 285
9 693 707
11 324 335
1 385 386
20 328 357
9 706 716
18 585 616
14 79 96
7 544 554
17 706 738
15 521 551
1 558 559
15 749 774
4 529 536
21 462 491
14 112 137
2 263 266
1 342 343
17 206 234
6 192 198
1 783 784
1 215 216
11 365 383
8 387 395
8 411 427
19 295 332
1 8 9
10 464 475
18 185 214
6 526 538
19 503 533
11 381 399
11 369 388
15 393 421
1 747 748
4 314 321
16 157 181
4 17 24
20 656 683
10 633 646
19 77 107
19 715 741
21 494 530
22 410 443
9 385 395
21 406 448
20 447 482
13 501 524
1 523 524
15 790 818
4 149 157
1 354 355
7 193 200
20 743 781
18 105 138
22 615 651
19 350 373
16 384 414
22 359 395
16 708 729
18 418 453
8 79 92
22 110 140
6 48 58
4 304 309
16 237 253
9 186 203
16 783 810
14 210 233
5 565 571
22 221 261
22 97 124
4 176 181
9 770 780
7 659 672
1 228 230
18 724 753
10 383 399
22 544 586
21 514 541
5 59 69
12 233 249
5 598 605
20 650 675
4 270 275
15 156 184
10 485 505
9 359 369
1 472 474
11 461 476
20 163 189
21 776 815
